,Random City,Cloudiness,Country,Date,Humidity,lat,lng,Max Temp,Wind Speed
0,yuci,20,CN,1576389167,76,37.68,112.73,32,2.24
1,mataura,100,NZ,1576389168,62,-46.19,168.86,57,7
2,albany,90,US,1576389114,65,42.65,-73.75,41,12.75
3,atuona,0,PF,1576389170,66,-9.8,-139.03,80.19,12.62
4,tsihombe,,,,,,,,
5,vaini,20,IN,1576389173,57,15.34,74.49,78.8,9.17
6,roura,95,GF,1576389174,88,4.73,-52.33,77,8.05
7,talnakh,100,RU,1576389175,74,69.49,88.39,-23.8,2.24
8,rikitea,1,PF,1576389176,77,-23.12,-134.97,73.11,19.44
9,benidorm,47,ES,1576389177,66,38.54,-0.13,51.8,4.7
10,cidreira,100,BR,1576389178,87,-30.17,-50.22,72.19,25.1
11,general pico,100,AR,1576389179,63,-35.66,-63.75,62.51,1.43
12,saint-georges,100,CA,1576389180,100,46.12,-70.67,43,3
13,chuy,100,UY,1576389182,93,-33.69,-53.46,65.77,10.96
14,corozal,5,BZ,1576389183,83,18.39,-88.39,78.8,6.93
15,bluff,2,AU,1576389184,20,-23.58,149.07,99.1,3.96
16,moranbah,15,AU,1576389185,21,-22,148.04,97.75,11.03
17,camalu,10,MX,1576389186,88,30.85,-116.07,56.37,6.76
18,tasiilaq,100,GL,1576389187,57,65.61,-37.64,17.6,4.7
19,margate,75,AU,1576389189,67,-43.03,147.26,60.8,6.93
20,jamestown,21,AU,1576389190,13,-33.21,138.6,92.61,11.39
21,igrim,81,RU,1576389191,93,63.19,64.42,14.74,6.29
22,cockburn town,83,TC,1576389192,80,21.46,-71.14,81.16,16.91
23,hobart,75,AU,1576389131,67,-42.88,147.33,60.8,6.93
24,susanville,20,US,1576389194,88,40.42,-120.65,33.8,5.44
25,punta arenas,40,CL,1576389195,76,-53.16,-70.91,48.2,18.34
26,yellowknife,75,CA,1576389196,73,62.45,-114.38,-27,2.24
27,castro,75,CL,1576389197,93,-42.48,-73.76,53.6,4.7
28,jumla,100,NP,1576389199,68,29.28,82.18,35.4,3.85
29,talaya,40,RU,1576389200,85,55.79,84.89,14,2.24
30,rio gallegos,40,AR,1576389201,81,-51.62,-69.22,50,16.11
31,gorno-chuyskiy,,,,,,,,
32,eureka,90,US,1576389203,93,40.8,-124.16,46.99,0.87
33,hermanus,6,ZA,1576389204,94,-34.42,19.24,59,5.99
34,kavieng,94,PG,1576389205,73,-2.57,150.8,85.42,10.98
35,minab,65,IR,1576389206,68,27.15,57.07,71.6,4.7
36,saint-philippe,90,CA,1576389207,87,45.36,-73.48,37.99,21.92
37,nikolskoye,90,RU,1576389208,86,59.7,30.79,35.01,13.42
38,lebu,20,ET,1576389210,58,8.96,38.73,59,6.93
39,ushuaia,40,AR,1576389211,76,-54.81,-68.31,48.2,4.7
40,mahebourg,75,MU,1576389212,70,-20.41,57.7,86,10.29
41,upernavik,66,GL,1576389213,62,72.79,-56.15,6.8,8.55
42,wilmington island,1,US,1576389060,81,32,-80.97,51.01,6.93
43,itoman,40,JP,1576389215,56,26.12,127.67,73.4,9.17
44,shancheng,0,CN,1576389216,41,26.9,117.17,70.03,4.45
45,new norfolk,75,AU,1576389218,67,-42.78,147.06,60.8,6.93
46,puerto ayora,0,EC,1576389219,89,-0.74,-90.35,71.01,3
47,saint-gaudens,8,FR,1576389220,81,43.11,0.72,52,9.17
48,pevek,100,RU,1576389221,93,69.7,170.27,-2.97,6.93
49,souillac,100,FR,1576389222,93,45.6,-0.6,53.6,3.36
50,sao filipe,39,CV,1576389223,74,14.9,-24.5,70.65,12.68
51,avarua,58,CK,1576389224,69,-21.21,-159.78,77,10.29
52,tendo,75,JP,1576389226,69,38.35,140.4,42.8,12.75
53,devrek,75,TR,1576389227,93,41.22,31.96,42.8,4.7
54,zhuanghe,53,CN,1576389228,41,39.7,122.97,52,1.99
55,katherine,40,AU,1576389229,24,-14.47,132.26,102.2,10.29
56,palabuhanratu,,,,,,,,
57,bethel,1,US,1576389231,74,60.79,-161.76,35.6,10.29
58,banda aceh,60,ID,1576389097,62,5.56,95.32,85.28,7.83
59,taolanaro,,,,,,,,
60,shimoda,75,JP,1576389234,44,34.7,138.93,57.2,5.82
61,alofi,34,NU,1576389236,78,-19.06,-169.92,80.6,17.22
62,berlevag,45,NO,1576389237,82,70.86,29.09,32.22,13.51
63,barrow,71,AR,1576389238,52,-38.31,-60.23,59,4.72
64,poya,0,NC,1576389239,79,-21.35,165.16,75.52,16.73
65,namibe,67,AO,1576389240,75,-15.19,12.15,75.67,13.6
66,faanui,100,PF,1576389241,78,-16.48,-151.75,80.15,18.59
67,tupik,22,RU,1576389242,92,54.43,119.94,1.65,1.9
68,flinders,100,AU,1576389184,13,-34.58,150.85,90,19.46
69,longyearbyen,18,NO,1576389245,82,78.22,15.63,5.38,5.64
70,port alfred,84,ZA,1576389246,96,-33.59,26.89,55,7
71,saskylakh,100,RU,1576389247,100,71.97,114.09,-30.77,7.7
72,avera,1,US,1576389248,87,33.19,-82.53,48.2,3.36
73,luderitz,38,NA,1576389249,63,-26.65,15.16,66.2,16.11
74,kampot,0,KH,1576389193,58,10.62,104.18,89.6,8.05
75,georgetown,17,GY,1576389251,94,6.8,-58.16,75.2,2.24
76,naryan-mar,96,RU,1576389253,96,67.67,53.09,27.37,9.66
77,kodiak,40,US,1576389254,79,39.95,-94.76,23,5.82
78,bastia,75,IT,1576389255,82,44.6,8.98,59,12.75
79,dunedin,98,NZ,1576389156,91,-45.87,170.5,52,13
80,port-gentil,75,GA,1576389257,100,-0.72,8.78,77,4.7
81,salalah,40,OM,1576389258,74,17.01,54.1,78.8,5.82
82,illoqqortoormiut,,,,,,,,
83,gewane,10,ET,1576389261,45,10.16,40.66,79.09,3.51
84,lagoa,75,PT,1576389262,87,37.14,-8.45,55.99,3.36
85,norman wells,75,CA,1576389263,69,65.28,-126.83,-11.2,4.7
86,provideniya,94,RU,1576389264,96,64.42,-173.23,20.8,8.97
87,butaritari,12,KI,1576389265,76,3.07,172.79,84.43,15.26
88,coquimbo,0,CL,1576389266,93,-29.95,-71.34,57.2,3.36
89,simao,0,CN,1576389267,42,22.76,100.79,68.97,5.55
90,lago da pedra,,,,,,,,
91,fairbanks,1,US,1576389060,84,64.84,-147.72,1.99,3.36
92,codrington,42,AU,1576389271,52,-28.95,153.24,95,17.22
93,busselton,1,AU,1576389272,6,-33.64,115.35,100.99,17.29
94,sitka,55,US,1576389273,88,37.17,-99.65,28,8.01
95,isangel,75,VU,1576389274,58,-19.55,169.27,86,8.05
96,druzhinino,99,RU,1576389275,82,56.79,59.52,10.65,6.15
97,olavarria,94,AR,1576389276,47,-36.89,-60.32,62.38,9.08
98,dingle,45,PH,1576389278,75,11,122.67,83.46,14.74
99,zaysan,100,KZ,1576389279,95,47.47,84.87,21.9,3.06
100,kieta,48,PG,1576389280,70,-6.22,155.63,84.54,4.5
101,trinidad,98,BO,1576389281,98,-14.83,-64.9,73.51,2.66
102,izumo,75,JP,1576389282,53,35.37,132.75,50,13.87
103,hithadhoo,97,MV,1576389283,69,-0.6,73.08,82.2,4.47
104,namatanai,99,PG,1576389284,70,-3.66,152.44,86.04,13.71
105,santa rosa,54,AR,1576389285,56,-36.62,-64.29,64.99,3
106,salekhard,99,RU,1576389287,90,66.54,66.62,16.09,7.54
107,tahoua,8,NE,1576389288,11,14.89,5.26,60.8,11.41
108,mar del plata,74,AR,1576389212,46,-46.43,-67.52,60.94,31.16
109,narsaq,0,GL,1576389290,40,60.91,-46.05,17.6,9.17
110,nizhneyansk,,,,,,,,
111,hami,72,CN,1576389208,33,42.84,93.51,33.55,5.26
112,baruun-urt,13,MN,1576389293,75,46.68,113.28,19.83,5.66
113,preobrazheniye,8,RU,1576389294,61,42.9,133.91,29.66,5.41
114,tabuk,37,PH,1576389296,74,17.41,121.44,82.31,7.61
115,kapaa,40,US,1576389297,78,22.08,-159.32,78.8,16.11
116,zharkent,100,KZ,1576389298,92,44.17,80,31.51,11.18
117,awbari,0,LY,1576389299,64,26.59,12.77,50.49,3.18
118,taltal,27,CL,1576389300,92,-25.41,-70.49,55.89,5.75
119,mackay,75,CA,1576389301,85,53.65,-115.58,19.4,10.29
120,tinskoy,100,RU,1576389302,86,56.15,96.92,9.64,13.27
121,san quintin,0,PH,1576389304,64,17.54,120.52,84.83,6.08
122,ponta pora,55,BR,1576389188,94,-22.54,-55.73,70.05,8.84
123,karasburg,78,NA,1576389306,64,-28.01,18.75,57.13,8.63
124,stoyba,,,,,,,,
125,grand centre,,,,,,,,
126,tuktoyaktuk,5,CA,1576389309,75,69.44,-133.03,-20.2,3.36
127,gander,90,CA,1576389310,95,48.95,-54.61,32,26.4
128,nhulunbuy,51,AU,1576389239,29,-12.18,136.78,98.6,13.87
129,east london,75,ZA,1576389313,82,-33.02,27.91,59,25.28
130,paamiut,0,GL,1576389314,55,61.99,-49.67,19.15,26.33
131,butembo,16,CD,1576389315,92,0.12,29.29,66.04,4.56
132,payo,55,ID,1576389316,76,-3.75,103.64,79.3,4.05
133,sorvag,,,,,,,,
134,mbekenyera,31,TZ,1576389319,77,-10,38.98,79.99,3.47
135,samarai,23,PG,1576389320,72,-10.62,150.67,82.89,10.69
136,amderma,,,,,,,,
137,port keats,7,AU,1576389322,52,-14.25,129.55,93,15.55
138,mirnyy,99,RU,1576389323,93,56.57,36.46,36.55,9.46
139,chapais,90,CA,1576389324,92,49.78,-74.86,24.8,8.05
140,santa cruz,70,BR,1576389325,89,-6.22,-36.02,71.69,7.25
141,cape town,75,ZA,1576389326,54,-33.93,18.42,64,4.7
142,grand river south east,,,,,,,,
143,walvis bay,0,NA,1576389329,89,-22.95,14.51,61,14.41
144,waslala,25,NI,1576389330,99,13.33,-85.37,64.83,2.06
145,attawapiskat,,,,,,,,
146,mys shmidta,,,,,,,,
147,cairns,40,AU,1576389318,66,-16.92,145.77,91,10.29
148,aksay,100,KZ,1576389335,76,51.17,53.01,19.83,11.92
149,marzuq,0,YE,1576389336,32,14.4,46.47,74.93,1.72
150,ponta do sol,97,BR,1576389337,97,-20.63,-46,64.33,2.08
151,mutis,100,CO,1576389338,80,6.23,-77.4,79.45,3.24
152,bredasdorp,3,ZA,1576389339,62,-34.53,20.04,59,13.87
153,arraial do cabo,100,BR,1576389340,93,-22.97,-42.02,74.98,16.73
154,itau de minas,98,BR,1576389341,97,-20.74,-46.75,64.22,4.9
155,ketchikan,90,US,1576389343,93,55.34,-131.65,35.6,8.05
156,barra patuca,0,HN,1576389344,69,15.8,-84.28,80.06,9.95
157,porterville,40,US,1576389345,75,36.07,-119.02,48.2,3.36
158,ossora,100,RU,1576389346,73,59.24,163.07,11.75,5.46
159,azul,97,AR,1576389347,47,-36.78,-59.86,62.83,8.9
160,waingapu,77,ID,1576389348,67,-9.65,120.26,85.66,5.95
161,lima,75,PE,1576389251,88,-12.06,-77.04,68,10.29
162,nome,90,US,1576389351,100,30.04,-94.42,68,4.7
163,nyurba,98,RU,1576389352,93,63.29,118.35,0.12,9.42
164,taitung,75,TW,1576389353,73,22.76,121.15,73.4,11.41
165,key west,1,US,1576389154,68,47.93,-96.78,-16.01,5.1
166,ucluelet,7,CA,1576389249,93,48.94,-125.55,35.01,3.62
167,cooma,100,AU,1576389356,29,-36.24,149.13,71.6,18.34
168,tessalit,24,ML,1576389357,7,20.2,1.01,58.32,10.38
169,njeru,88,UG,1576389358,87,0.43,33.15,69.48,0.65
170,narsingdi,0,BD,1576389360,65,23.92,90.7,77,6.93
171,caravelas,3,BR,1576389361,95,-17.73,-39.27,72.23,5.53
172,airai,32,TL,1576389362,63,-8.93,125.41,81.68,5.08
173,torbay,90,CA,1576389363,98,47.66,-52.73,35.01,24.16
174,saldanha,94,PT,1576389364,89,41.42,-6.55,46.81,10.27
175,belushya guba,,,,,,,,
176,batemans bay,100,AU,1576389366,82,-35.71,150.18,82.99,3
177,ilulissat,39,GL,1576389367,56,69.22,-51.1,12.2,18.34
178,hovd,75,NO,1576389369,74,63.83,10.7,39.99,13.87
179,magaria,57,NE,1576389370,14,13,8.91,57.99,8.21
180,lovozero,95,RU,1576389371,92,68.01,35.02,22.15,6.2
181,marcona,,,,,,,,
182,tiksi,81,RU,1576389373,96,71.64,128.87,-25.49,2.8
183,hanzhong,89,CN,1576389374,55,33.08,107.03,44.73,4.97
184,louisbourg,,,,,,,,
185,sentyabrskiy,,,,,,,,
186,kavaratti,83,IN,1576389378,72,10.57,72.64,83.53,13.09
187,hamilton,90,CA,1576389232,80,43.26,-79.87,37.4,13.87
188,thompson,40,CA,1576389380,74,55.74,-97.86,-27.4,4.32
189,mount pleasant,1,US,1576389381,87,33.16,-94.97,48.2,5.82
190,severo-kurilsk,100,RU,1576389382,88,50.68,156.12,17.29,10.45
191,sechura,91,PE,1576389383,88,-5.56,-80.82,67.86,9.57
192,jintur,7,IN,1576389384,48,19.61,76.69,81.46,7.02
193,barentsburg,,,,,,,,
194,shingu,17,JP,1576389387,43,33.72,135.99,55.4,11.41
195,pangnirtung,92,CA,1576389388,84,66.15,-65.72,-8.52,5.57
196,faya,61,SA,1576389389,82,18.39,42.45,62.6,4.7
197,zhuhai,40,CN,1576389390,74,40.71,112.04,35.6,4.47
198,bud,74,NO,1576389391,64,62.91,6.91,39.2,9.17
199,klaksvik,99,FO,1576389392,70,62.23,-6.59,42.8,21.92
200,solton,96,RU,1576389393,93,52.84,86.48,9.41,3.15
201,kaduy,90,RU,1576389394,86,59.2,37.15,28.4,8.95
202,constitucion,0,MX,1576389395,47,23.99,-104.67,52.7,5.21
203,la ronge,90,CA,1576389397,84,55.1,-105.3,1.4,3.36
204,gunjur,0,GM,1576389398,72,13.18,-16.76,68,5.82
205,fushun,62,CN,1576389399,25,41.89,123.95,41,11.18
206,yumen,100,CN,1576389400,29,40.29,97.04,32,20.96
207,punganuru,21,IN,1576389401,65,13.36,78.57,74.08,9.42
208,gat,0,SN,1576389402,83,14.69,-16.54,69.8,11.41
209,kalmunai,80,LK,1576389403,75,7.42,81.82,81.73,11.97
210,cizre,100,TR,1576389405,84,37.33,42.19,46.26,1.48
211,pisco,72,PE,1576389406,88,-13.71,-76.2,66.2,13.87
212,aflu,,,,,,,,
213,nylstroom,,,,,,,,
214,maraa,94,BR,1576389409,97,-1.83,-65.37,74.05,1.16
215,surgut,90,RU,1576389410,100,61.25,73.4,19.4,4.47
216,yingzhong,,,,,,,,
217,saint george,40,GR,1576389412,81,39.45,22.34,53.6,6.93
218,carnarvon,15,ZA,1576389414,38,-30.97,22.13,53.47,18.16
219,beloha,54,MG,1576389415,60,-25.17,45.06,84.6,4.99
220,nova borova,97,UA,1576389416,87,50.69,28.64,37.54,12.82
221,jauharabad,0,PK,1576389417,45,32.29,72.28,61.68,5.84
222,harper,1,US,1576389418,50,30.3,-99.24,63,17.27
223,karratha,0,AU,1576389419,74,-20.74,116.85,83.19,10.16
224,cruden bay,,,,,,,,
225,beringovskiy,97,RU,1576389421,89,63.05,179.32,12.81,13.73
226,severnoye,100,RU,1576389423,79,54.09,52.54,14.4,6.93
227,ukiah,90,US,1576389206,81,39.15,-123.21,46.99,5.82
228,alice springs,0,AU,1576389330,5,-23.7,133.88,96.8,5.82
229,fortuna,90,US,1576389426,93,40.6,-124.16,46,3.04
230,usinsk,100,RU,1576389427,96,66,57.56,25.97,12.59
231,hilo,40,US,1576389428,78,19.71,-155.08,73.4,2.95
232,maputo,20,MZ,1576389430,83,-25.97,32.57,77,11.41
233,kruisfontein,82,ZA,1576389431,66,-34,24.73,58.57,27.96
234,joaima,27,BR,1576389432,99,-16.65,-41.03,65.08,2.59
235,khatanga,72,RU,1576389433,98,71.98,102.47,-35.07,3.33
236,calama,0,CL,1576389435,39,-22.46,-68.93,48.2,13.87
237,mikhaylovka,100,RU,1576389436,84,52.96,103.29,17.82,9.86
238,atambua,2,ID,1576389437,63,-9.11,124.89,85.23,5.97
239,guerrero negro,0,MX,1576389438,83,27.97,-114.04,63.97,15.01
240,bolshiye kolpany,,,,,,,,
241,dikson,97,RU,1576389440,97,73.51,80.55,-10.34,10.63
242,jinchang,90,CN,1576389442,44,38.52,102.19,27.01,15.17
243,bam,61,IR,1576389443,23,29.11,58.36,60.67,3.18
244,tigil,95,RU,1576389444,97,57.8,158.67,6.67,6.87
245,maturin,52,VE,1576389445,98,9.75,-63.18,72.03,3.74
246,luzhany,16,UA,1576389446,74,48.36,25.77,37.4,4.47
247,porto torres,40,IT,1576389447,93,40.84,8.4,59,13.87
248,kovdor,98,RU,1576389448,97,67.56,30.47,16.79,3.29
249,ngukurr,,,,,,,,
250,banavar,68,IN,1576389450,56,13.41,76.17,76.69,9.66
251,iqaluit,75,CA,1576389452,70,63.75,-68.52,-0.4,5.82
252,mabai,66,CN,1576389453,62,23.01,104.4,64.29,6.8
253,tari,61,NG,1576389454,10,12.41,4.49,62.49,10.76
254,saleaula,,,,,,,,
255,dzaoudzi,100,YT,1576389456,79,-12.79,45.27,86,4.7
256,qaanaaq,56,GL,1576389458,60,77.48,-69.36,-0.17,9.53
257,tra vinh,38,VN,1576389459,50,9.93,106.35,86.99,10.96
258,mehamn,56,NO,1576389460,93,71.03,27.85,24.22,10.11
259,manokwari,100,ID,1576389461,88,-0.87,134.08,76.75,3.87
260,bengkulu,,,,,,,,
261,ilhabela,97,BR,1576389463,90,-23.78,-45.36,75.22,12.17
262,victor harbor,94,AU,1576389464,15,-35.55,138.62,86,9.17
263,ancud,75,CL,1576389465,93,-41.87,-73.83,53.6,4.7
264,aulla,75,IT,1576389466,100,44.21,9.97,59,2.24
265,aranos,0,NA,1576389468,31,-24.14,19.11,70.63,18.84
266,seoul,20,KR,1576389409,46,37.57,126.98,53.6,2.24
267,smithers,90,CA,1576389470,92,54.78,-127.17,23,5.82
268,jiwani,50,PK,1576389471,58,25.05,61.74,74.19,5.37
269,skiros,,,,,,,,
270,phan rang,,,,,,,,
271,ryotsu,90,JP,1576389474,48,38.08,138.43,44.6,1.12
272,rajgarh,17,IN,1576389476,55,24.01,76.73,69.58,9.84
273,alugan,25,PH,1576389477,71,12.22,125.48,83.28,13.89
274,pak phanang,75,TH,1576389478,74,8.35,100.2,86,10.29
275,sur,0,OM,1576389479,56,22.57,59.53,76.69,3.49
276,bargal,,,,,,,,
277,port lincoln,10,AU,1576389448,34,-34.72,135.86,78.46,7.65
278,beni suef,33,EG,1576389482,34,29.07,31.1,54.03,12.86
279,denpasar,40,ID,1576389204,79,-8.65,115.22,87.8,11.41
280,portland,75,US,1576389060,87,43.66,-70.25,53.6,8.05
281,khonuu,,,,,,,,
282,bolungarvik,,,,,,,,
283,catalina,72,PE,1576389488,88,-13.57,-76.13,66.2,13.87
284,bilibino,98,RU,1576389489,98,68.06,166.44,-20.58,1.3
285,tuatapere,99,NZ,1576389490,62,-46.13,167.69,57,7
286,urdzhar,,,,,,,,
287,shenzhen,40,CN,1576389353,68,22.54,114.05,75,11.41
288,hasaki,75,JP,1576389494,43,35.73,140.83,57,3.36
289,cherskiy,100,RU,1576389495,98,68.75,161.3,-17.81,1.19
290,aklavik,5,CA,1576389496,75,68.22,-135.01,-20.2,3.36
291,tlyarota,,,,,,,,
292,pontianak,81,ID,1576389498,80,-0.02,109.34,84.36,3.02
293,fort nelson,75,CA,1576389499,76,58.81,-122.69,-5.8,3.36
294,amga,100,RU,1576389500,97,60.89,131.98,0.14,0.87
295,esperance,0,AU,1576389501,38,-33.86,121.89,87.8,12.75
296,roald,88,NO,1576389503,60,62.58,6.12,39.2,12.75
297,xuddur,31,SO,1576389504,65,4.12,43.89,79.77,15.03
298,tromso,46,NO,1576389505,86,69.65,18.96,30.2,17.22
299,bambous virieux,75,MU,1576389506,70,-20.34,57.76,86,10.29
300,los llanos de aridane,40,ES,1576389507,77,28.66,-17.92,64.4,4.7
301,liverpool,40,GB,1576389390,71,53.41,-2.98,42.01,11.41
302,beroroha,5,MG,1576389509,57,-21.68,45.17,82.33,6.76
303,aplahoue,49,BJ,1576389510,90,6.93,1.68,74.12,1.97
304,valle de allende,0,MX,1576389512,32,26.94,-105.39,58.93,5.41
305,bansko,11,MK,1576389513,95,41.39,22.75,43,5.79
306,maceio,75,BR,1576389514,94,-9.67,-35.74,75.2,5.82
307,manuk mangkaw,88,PH,1576389515,70,4.8,119.85,83.84,6.46
308,alyangula,75,AU,1576389516,46,-13.85,136.42,89.6,17.22
309,saint-francois,95,FR,1576389517,81,46.42,3.91,52,5.82
310,verkhnyaya inta,100,RU,1576389518,95,65.99,60.32,24.78,14.27
311,san patricio,0,PY,1576389519,75,-26.98,-56.83,77.85,10.87
312,salisbury,22,GB,1576389521,75,51.07,-1.8,46,18.34
313,bulgan,100,MN,1576389522,73,48.81,103.53,18.75,5.3
314,rungata,,,,,,,,
315,cayenne,98,GF,1576389524,88,4.94,-52.33,77,8.05
316,tuapse,70,RU,1576389525,72,44.1,39.07,58.3,15.77
317,vaitupu,,,,,,,,
318,beauvais,75,FR,1576389527,70,49.44,2.09,50,14.99
319,kadykchan,,,,,,,,
320,clyde river,75,CA,1576389529,70,70.47,-68.59,-4,3.36
321,grindavik,75,IS,1576389530,74,63.84,-22.43,30.2,9.17
322,atasu,32,KZ,1576389531,90,48.68,71.64,9.55,4.63
323,inhambane,20,MZ,1576389533,78,-23.87,35.38,80.6,6.93
324,richards bay,24,ZA,1576389534,84,-28.77,32.06,74.82,15.99
325,phalombe,45,MW,1576389535,67,-15.81,35.65,77.47,0.63
326,barabinsk,59,RU,1576389536,96,55.35,78.35,0.39,4.34
327,bilma,0,NE,1576389537,27,18.69,12.92,53.28,10.33
328,burica,,,,,,,,
329,moose factory,90,CA,1576389539,84,51.26,-80.61,8.6,14.99
330,san cristobal,7,HN,1576389540,90,14.68,-86.92,61.21,3.27
331,maragogi,25,BR,1576389422,79,-9.01,-35.22,79.74,18.88
332,aksu,90,KZ,1576389542,92,52.04,76.93,14,8.95
333,sangar,100,RU,1576389543,94,63.92,127.47,-7.83,9.1
334,progreso,100,UY,1576389544,73,-34.68,-56.22,70,5.82
335,hvammstangi,,,,,,,,
336,bocas del toro,21,PA,1576389547,81,9.33,-82.25,64.99,3
337,westport,75,US,1576389548,66,41.14,-73.36,46.4,21.92
338,mogadishu,20,SO,1576389549,69,2.04,45.34,82.4,9.17
339,fukue,20,JP,1576389550,35,35.03,136.69,55.4,11.41
340,korla,,,,,,,,
341,launceston,90,AU,1576389421,72,-41.43,147.14,61,19.46
342,raudeberg,99,NO,1576389553,56,61.99,5.14,42.8,12.75
343,ust-omchug,29,RU,1576389554,100,61.13,149.63,-31.95,2.42
344,kemin,55,KG,1576389555,77,42.79,75.7,19.56,0.45
345,calarasi,41,RO,1576389557,83,44.2,27.33,45,4
346,muhos,90,FI,1576389558,86,64.81,26,34,11.41
347,half moon bay,75,US,1576389559,76,37.46,-122.43,51.8,17.22
348,aykhal,100,RU,1576389560,66,65.95,111.51,-29.2,4.47
349,kracheh,,,,,,,,
350,deep river,90,CA,1576389562,92,46.1,-77.49,30.2,11.41
351,gambo,71,CF,1576389563,86,4.65,22.26,73.8,1.14
352,marevo,90,BA,1576389564,100,43.57,18.7,28.4,1.12
353,sakakah,,,,,,,,
354,lagos,20,NG,1576389435,100,6.46,3.39,75.2,2.24
355,bambanglipuro,100,ID,1576389568,74,-7.95,110.28,81.25,5.32
356,sulangan,88,PH,1576389569,80,11.14,123.72,82.29,12.8
357,tiarei,90,PF,1576389570,69,-17.53,-149.33,82.4,4.7
358,ambilobe,23,MG,1576389571,60,-13.19,49.05,88.25,2.35
359,arkadelphia,1,US,1576389572,100,34.12,-93.05,45,4.38
360,dolbeau,,,,,,,,
361,nova odesa,100,UA,1576389574,98,47.3,31.79,45.16,8.14
362,kuandian,61,CN,1576389575,57,40.73,124.78,31.68,2.46
363,ndioum,0,SN,1576389576,16,16.51,-14.65,70,7.54
364,rundu,14,NA,1576389577,50,-17.91,19.77,75.2,2.24
365,chokurdakh,97,RU,1576389578,97,70.62,147.9,-26.81,6.4
366,novyy urengoy,97,RU,1576389580,96,66.08,76.63,1.17,10.09
367,nanortalik,0,GL,1576389581,61,60.14,-45.24,23.74,29.28
368,asfi,,,,,,,,
369,umzimvubu,,,,,,,,
370,eloi mendes,100,BR,1576389584,95,-21.61,-45.57,64.94,3.53
371,ayagoz,100,KZ,1576389585,95,47.96,80.43,24.3,7.4
372,lompoc,40,US,1576389586,81,34.64,-120.46,53.01,18.34
373,garissa,0,KE,1576389587,72,-0.46,39.64,80.49,5.19
374,springdale,90,US,1576389588,86,36.19,-94.13,35.6,8.05
375,hobyo,32,SO,1576389589,67,5.35,48.53,81.75,18.88
376,karaul,,,,,,,,
377,mizdah,5,LY,1576389592,72,31.45,12.98,49.26,6.46
378,mugur-aksy,49,RU,1576389593,84,50.38,90.44,5.2,4.09
379,chicama,40,PE,1576389594,88,-7.84,-79.15,66.2,6.93
380,sug-aksy,,,,,,,,
381,the valley,20,AI,1576389473,78,18.22,-63.06,80.6,9.17
382,maracaibo,75,CO,1576389597,94,3.41,-75.78,68,3.36
383,mount isa,55,AU,1576389598,8,-20.73,139.49,104,10.29
384,thornaby,100,GB,1576389599,93,54.54,-1.29,37.4,10.29
385,mount gambier,98,AU,1576389600,35,-37.83,140.78,71.6,18.34
386,cabo san lucas,5,MX,1576389525,77,22.89,-109.91,70,5.82
387,mezen,100,RU,1576389603,95,65.85,44.24,24.84,8.77
388,aswan,0,EG,1576389604,33,24.09,32.9,61.77,0.89
389,hirara,40,JP,1576389609,60,24.8,125.28,75.2,10.29
390,hihifo,,,,,,,,
391,geresk,,,,,,,,
392,taoudenni,0,ML,1576389614,27,22.68,-3.98,55.9,5.97
393,victoria,75,BN,1576389615,74,5.28,115.24,84.2,3.36
394,murray bridge,97,AU,1576389446,27,-35.12,139.28,86,3
395,abha,15,SA,1576389618,82,18.22,42.5,62.6,4.7
396,kutum,0,SD,1576389622,20,14.2,24.66,64.96,4.07
397,gatun,90,US,1576389625,86,36.87,-83.3,43,6.04
398,huarmey,89,PE,1576389626,83,-10.07,-78.15,65.52,1.05
399,grand gaube,75,MU,1576389627,70,-20.01,57.66,86,10.29
400,kibala,37,TD,1576389634,52,9.11,18.35,66.2,4.7
401,tooele,90,US,1576389637,86,40.53,-112.3,34,6.93
402,batavia,90,US,1576389643,86,43,-78.19,37.4,21.92
403,bairiki,,,,,,,,
404,burns lake,26,CA,1576389648,95,54.23,-125.76,11.68,1.79
405,warrnambool,100,AU,1576389656,57,-38.38,142.48,64,8.01
406,jiazi,75,CN,1576389659,69,19.61,110.49,78.8,8.95
407,poroszlo,54,HU,1576389660,100,47.65,20.67,33.8,2.24
408,ishigaki,20,JP,1576389667,57,24.34,124.16,77,12.75
409,coihaique,75,CL,1576389670,71,-45.58,-72.07,53.6,5.82
410,martapura,24,ID,1576389671,69,-3.41,114.85,88.27,1.05
411,hervey bay,10,AU,1576389673,48,-25.3,152.85,87.8,18.34
412,ust-nera,100,RU,1576389678,100,64.57,143.24,-41.19,2.28
413,gilgit,94,PK,1576389683,84,35.92,74.31,13.32,2.91
414,severodvinsk,90,RU,1576389685,86,64.56,39.82,30.2,4.47
415,bitung,40,ID,1576389689,88,1.44,125.19,82.4,10.29
416,liuzhou,61,CN,1576389691,49,24.32,109.41,77.11,12.8
417,sint michiel,,,,,,,,
418,tokur,100,RU,1576389694,94,53.13,132.9,2.57,2.48
419,sao luis de montes belos,93,BR,1576389604,93,-16.52,-50.37,69.19,2.33
420,rapid valley,90,US,1576389698,85,44.06,-103.15,23,3.11
421,gao,0,ML,1576389699,6,16.28,-0.04,61.45,6.96
422,leningradskiy,100,RU,1576389701,95,69.38,178.42,9.45,1.72
423,anadyr,90,RU,1576389703,84,64.73,177.51,6.8,6.71
424,colares,75,PT,1576389705,100,38.8,-9.45,57,6.93
425,jiaonan,100,CN,1576389706,57,35.88,119.98,50,6.71
426,yuzhno-sukhokumsk,95,RU,1576389707,92,44.66,45.65,45.68,7.85
427,kanniyakumari,96,IN,1576389708,77,8.08,77.57,80.64,25.95
428,spornoye,90,RU,1576389709,100,50.84,37.29,37.4,11.18
429,pochutla,1,MX,1576389711,88,15.74,-96.47,73.99,4.79
430,gizo,0,IL,1576389712,41,31.8,34.94,60.01,6.93
431,eidsvag,57,NO,1576389713,64,62.78,8.07,37.4,17.22
432,ascension,,,,,,,,
433,barrhead,90,CA,1576389514,79,54.12,-114.4,21.2,9.17
434,mutsamudu,,,,,,,,
435,henties bay,0,NA,1576389718,89,-22.12,14.28,61,4.29
436,champerico,5,MX,1576389719,83,16.38,-93.6,69.8,1.48
437,port elizabeth,40,US,1576389722,80,39.31,-74.98,45,12.75
438,praia da vitoria,40,PT,1576389723,87,38.73,-27.07,54,24.72
439,primero de enero,20,CU,1576389725,93,21.94,-78.43,66.2,2.24
440,ada,1,US,1576389726,80,34.77,-96.68,41,5.82
441,bathsheba,75,BB,1576389727,78,13.22,-59.52,80.6,20.8
442,narasannapeta,0,IN,1576389729,49,18.42,84.04,82.06,7.47
443,kupang,75,ID,1576389730,59,-10.16,123.6,89.6,9.17
444,islamkot,3,PK,1576389732,24,24.7,70.18,73.96,14.38
445,bage,96,IN,1576389733,64,12.95,75.85,74.25,11.7
446,suhl,75,DE,1576389734,87,50.61,10.69,44.01,17.22
447,husavik,0,CA,1576389735,79,50.56,-96.99,-22,8.59
448,marsh harbour,0,BS,1576389737,80,26.54,-77.06,75.49,8.97
449,tabou,55,CI,1576389738,92,4.42,-7.36,75.6,1.92
450,sambava,8,MG,1576389739,45,-14.27,50.17,92.84,1.95
451,karkaralinsk,,,,,,,,
452,morondava,92,MG,1576389742,51,-20.3,44.28,88.9,4.99
453,straumen,75,NO,1576389743,74,63.87,11.3,39,13.87
454,pafos,,,,,,,,
455,thinadhoo,100,MV,1576389668,72,0.53,72.93,81.14,4.47
456,itaituba,77,BR,1576389747,96,-4.26,-55.99,72.66,1.86
457,lasa,75,CY,1576389748,45,34.92,32.53,66.2,17.22
458,gediz,42,TR,1576389750,79,38.99,29.39,32,2.24
459,meadow lake,100,CA,1576389751,96,54.13,-108.44,5.67,8.86
460,coolum beach,2,AU,1576389752,65,-26.53,153.09,89.01,4
461,ingham,41,AU,1576389753,62,-18.65,146.16,85.26,6.69
462,misratah,2,LY,1576389754,75,32.38,15.09,65.64,16.02
463,marsa matruh,40,EG,1576389756,81,31.35,27.25,53.6,13.87
464,khasan,74,RU,1576389757,49,42.43,130.64,28.53,2.77
465,acapulco,5,MX,1576389759,94,16.86,-99.88,77,3.36
466,touros,90,BR,1576389760,88,-5.2,-35.46,75.2,6.93
467,camana,,,,,,,,
468,menongue,80,AO,1576389762,85,-14.66,17.68,67.3,2.73
469,pozo colorado,0,PY,1576389764,56,-23.49,-58.8,81.3,9.71
470,batagay-alyta,100,RU,1576389765,99,67.8,130.41,-21.55,4.56
471,whyalla,35,AU,1576389766,31,-33.04,137.58,87.8,14.99
472,geraldton,75,CA,1576389767,76,49.72,-86.95,-7.6,3.36
473,kahului,1,US,1576389727,61,20.89,-156.47,78.8,14.99
474,seminole,1,US,1576389770,50,32.72,-102.64,57.2,11.41
475,golden,90,US,1576389703,100,39.76,-105.22,28.99,4.7
476,srednekolymsk,99,RU,1576389772,97,67.46,153.71,-18.71,7.85
477,gaya,90,IN,1576389773,82,24.8,85.01,66.2,3.36
478,bardiyah,,,,,,,,
479,khromtau,100,KZ,1576389776,74,50.26,58.44,15.85,3.76
480,tibacuy,75,CO,1576389777,93,4.35,-74.45,55.4,3.36
481,kaitangata,99,NZ,1576389778,76,-46.28,169.85,54,7.36
482,la romana,40,DO,1576389780,88,18.43,-68.97,78.8,8.05
483,vostok,81,RU,1576389783,91,46.45,135.83,12.72,2.95
484,tukrah,,,,,,,,
485,broken hill,25,AU,1576389785,13,-31.97,141.45,95,11.41
486,puerto penasco,0,MX,1576389787,54,31.32,-113.53,64.42,4.29
487,guarapari,75,BR,1576389789,88,-20.67,-40.5,77,2.24
488,bonga,18,ET,1576389791,79,7.26,36.25,64.85,0.18
489,muravlenko,93,RU,1576389793,94,63.79,74.5,7.03,13.02
490,tilichiki,100,RU,1576389795,94,60.47,166.1,3.16,4.7
491,qaqortoq,0,GL,1576389796,40,60.72,-46.03,17.6,9.17
492,college,1,US,1576389797,84,64.86,-147.8,26.6,1.92
493,nouadhibou,20,MR,1576389798,82,20.93,-17.03,59,12.75
494,ust-kuyga,75,RU,1576389800,96,70,135.55,-30.75,5.35
495,lumut,75,BN,1576389802,74,4.66,114.45,89.6,9.17
496,orapa,85,BW,1576389804,43,-21.28,25.37,80.78,12.59
497,balagansk,100,RU,1576389805,83,54.01,103.05,15.04,8.55
498,qasigiannguit,39,GL,1576389576,56,68.82,-51.19,12.2,18.34
499,kegayli,,,,,,,,
500,las margaritas,24,MX,1576389808,99,16.32,-91.98,52.63,0.87
501,radom,93,PL,1576389810,78,51.4,21.15,41,17
502,saurimo,100,AO,1576389811,97,-9.66,20.4,66.25,3.18
503,svetlyy,,,,,,,,
504,aksarka,100,RU,1576389813,93,66.56,67.8,13.84,10.2
505,hambantota,75,LK,1576389814,83,6.12,81.12,84.2,12.75
506,gallup,75,US,1576389815,75,35.53,-108.74,42.8,14.99
507,lavrentiya,100,RU,1576389816,96,65.58,-170.99,26.64,9.35
508,semenivka,100,UA,1576389818,94,52.18,32.58,38.5,10.98
509,copiapo,0,CL,1576389819,82,-27.37,-70.33,59,5.82
510,sheridan,75,US,1576389580,79,39.65,-105.03,28.99,4.7
511,la rioja,0,AR,1576389821,71,-29.41,-66.86,65.57,8.88
512,yanan,,,,,,,,
513,codajas,89,BR,1576389824,95,-3.84,-62.06,73.92,1.01
514,brainerd,1,US,1576389826,69,46.36,-94.2,-5.8,3.36
515,umtata,20,ZA,1576389827,59,-31.59,28.78,64.4,6.93
516,dawson creek,90,CA,1576389828,85,55.76,-120.23,15.8,4.94
517,moyale,0,ET,1576389830,56,3.52,39.05,78.42,11.61
518,monterey,75,US,1576389707,87,36.6,-121.89,53.6,4.7
519,te anau,48,NZ,1576389833,81,-45.41,167.72,48.43,4.32
520,ballina,80,IE,1576389834,95,54.11,-9.15,39,5.01
521,egvekinot,100,RU,1576389835,94,66.32,-179.17,5.63,8.7
522,kuusamo,90,FI,1576389837,92,65.96,29.19,30.2,9.17
523,kangaatsiaq,74,GL,1576389838,80,68.31,-53.46,16.68,18.66
524,turiacu,99,BR,1576389839,94,-5.01,-63,73.76,1.12
525,nailsea,42,GB,1576389840,86,51.43,-2.76,44.01,14.99
526,barawe,,,,,,,,
527,sassandra,50,CI,1576389843,85,4.95,-6.09,78.06,3.04
528,puerto escondido,11,MX,1576389845,89,15.86,-97.07,68.83,2.68
529,coracora,87,PE,1576389846,71,-15.02,-73.78,47.25,0.58
530,necochea,73,AR,1576389847,95,-38.55,-58.74,57.99,1.97
531,nerchinskiy zavod,32,RU,1576389849,88,51.31,119.61,8.24,4.74
532,port hardy,20,CA,1576389741,100,50.7,-127.42,30.2,4.7
533,semporna,75,MY,1576389851,74,4.48,118.61,87.8,8.05
534,weinan,90,CN,1576389853,60,34.5,109.46,46,11.18
535,kamenskoye,,,,,,,,
536,komsomolskiy,97,RU,1576389855,95,67.55,63.78,19.76,8.99
537,bonavista,100,CA,1576389857,85,48.65,-53.11,34,21.99
538,tila,0,SN,1576389858,16,15.4,-15.22,69.71,8.59
539,sillamae,100,EE,1576389859,96,59.4,27.75,36.61,15.61
540,pallasovka,87,RU,1576389860,79,50.04,46.89,26.58,13.31
541,honningsvag,66,NO,1576389861,73,70.98,25.97,34.68,14.34
542,kotelnich,98,RU,1576389863,95,58.31,48.34,16,6.38
543,rongcheng,67,CN,1576389864,67,37.16,122.42,48,1.01
544,leshukonskoye,100,RU,1576389865,95,64.9,45.76,20.37,5.91
545,katha,,,,,,,,
546,medea,20,DZ,1576389868,93,36.27,2.77,44.6,3.36
547,dukat,0,AL,1576389869,86,40.25,19.57,52,0.83
548,tumannyy,,,,,,,,
549,zhigansk,100,RU,1576389871,96,66.77,123.37,-10.21,5.91
550,carutapera,100,BR,1576389873,81,-1.2,-46.02,81.72,12.91
551,yarkovo,40,RU,1576389874,85,54.81,82.6,15.8,4.47
552,zeya,100,RU,1576389875,95,53.74,127.27,-5.78,3.6
553,padang,62,ID,1576389876,91,-0.92,100.36,75.33,2.95
554,san juan,0,AR,1576389878,34,-31.54,-68.53,74.5,17.4
555,itatiaia,100,BR,1576389758,99,-22.5,-44.56,66.22,1.52
556,saint-pierre,90,FR,1576389880,81,48.95,4.24,51.8,25.28
557,sorland,95,NO,1576389881,65,67.67,12.69,40.59,25.55
558,kenai,90,US,1576389882,69,60.55,-151.26,36,16.11
559,adeje,38,NG,1576389884,95,5.68,5.76,75.94,1.59
560,andenes,,,,,,,,
561,port hedland,0,AU,1576389886,59,-20.31,118.58,91.4,17.22
562,carballo,75,ES,1576389887,93,43.21,-8.69,52,10.29
563,pombia,40,GR,1576389888,87,35.01,24.87,57.99,5.82
564,matay,4,EG,1576389890,36,28.42,30.79,51.98,10.74
565,oktyabrskiy,90,RU,1576389891,92,55.61,37.97,30.2,13.42
566,san ramon,1,NI,1576389892,97,12.92,-85.84,62.58,4.94
567,jujuy,,,,,,,,
568,takapau,9,NZ,1576389894,41,-40.02,176.35,70.7,8.52
569,vardo,90,US,1576389895,70,39.62,-77.74,43,13.87
570,klyuchevskiy,61,RU,1576389897,91,53.53,119.45,2.12,3.44
571,batagay,32,RU,1576389898,89,67.65,134.64,-36.4,1.32
572,turbat,42,PK,1576389899,22,26,63.05,74.35,13.47
573,samusu,,,,,,,,
574,lorengau,100,PG,1576389902,72,-2.02,147.27,85.14,11.12
575,laguna,3,BZ,1576389903,98,16.17,-88.94,69.85,1.3
576,arlit,0,NE,1576389904,9,18.74,7.39,58.98,7.43
577,yangambi,86,CD,1576389905,95,0.77,24.47,72.52,1.12
578,waddan,0,LY,1576389906,71,29.16,16.14,52.38,5.82
579,svetlaya,0,RU,1576389908,60,46.54,138.33,24.91,9.98
580,alihe,50,CN,1576389909,76,50.57,123.73,18.25,1.72
581,natal,75,BR,1576389910,94,-5.81,-35.21,75.2,8.05
582,rambha,0,IN,1576389911,46,19.52,85.09,82.36,5.86
583,camacha,40,PT,1576389912,87,33.08,-16.33,59,4.7
584,sao raimundo das mangabeiras,0,BR,1576389913,70,-7.02,-45.48,74.46,1.01
585,lahaina,1,US,1576389915,61,20.87,-156.68,78.8,14.99
586,sloboda,28,UA,1576389916,69,48.46,24.82,39.2,11.18
587,mullaitivu,,,,,,,,
588,damphu,4,BT,1576389918,39,27.07,90.11,62.26,5.12
589,wenatchee,90,US,1576389919,92,47.42,-120.31,32,3.36
590,baniachang,0,BD,1576389920,48,24.52,91.37,79.14,3.4
591,puqi,78,CN,1576389921,57,29.72,113.88,59.61,4.41
592,karamay,,,,,,,,
593,rosarito,40,CO,1576389924,100,4.91,-75.23,66.2,2.24
594,rockport,90,US,1576389888,100,28.02,-97.05,70,16.11
595,ngunguru,92,NZ,1576389926,91,-35.62,174.5,66,1.01
596,viedma,5,AR,1576389927,52,-40.81,-62.99,56.79,8.41
597,nizhneangarsk,100,RU,1576389928,88,55.78,109.57,5.34,8.9
598,zacatepec,0,MX,1576389929,50,20.06,-98.01,54.09,8.95
599,ormara,28,PK,1576389930,64,25.21,64.64,74.93,9.31
600,ribeira grande,81,PT,1576389931,68,38.52,-28.7,53.53,24.81
601,puksoozero,100,RU,1576389933,92,62.59,40.61,26.28,8.01
602,trairi,20,BR,1576389934,82,-3.28,-39.27,76.12,7.23
603,ocampo,0,MX,1576389935,31,27.32,-102.4,57,3.11
604,evensk,42,RU,1576389937,74,61.92,159.24,-12.32,7.96
605,catubig,22,PH,1576389938,66,12.41,125.06,84.87,9.15
606,luwuk,100,ID,1576389940,65,-0.95,122.79,83.91,1.07
607,bayan,67,CN,1576389941,37,36.1,102.26,35.82,4.94
608,kangayam,20,IN,1576389942,61,11.01,77.56,80.6,9.17
